a3
00
00
90
93
04
20
03
13
05
f0
0f
ef
00
c0
19
93
84
f4
ff
e3
9a
04
fe
93
05
20
00
a3
00
b0
90
13
05
f0
0f
ef
00
40
18
13
05
00
04
ef
00
c0
17
93
04
40
00
13
05
00
00
ef
00
00
17
93
84
f4
ff
e3
9a
04
fe
13
05
40
09
ef
00
00
16
93
04
40
01
13
05
f0
0f
ef
00
40
15
93
84
f4
ff
e3
9a
04
fe
a3
00
00
90
13
05
f0
0f
ef
00
00
14
ef
00
80
0c
93
02
50
05
63
02
55
02
93
02
30
04
63
08
55
00
93
02
30
05
63
00
55
04
6f
f0
5f
fe
ef
05
c0
06
e7
00
05
00
6f
f0
9f
fd
ef
05
00
06
13
04
05
00
ef
05
80
05
93
04
05
00
13
09
00
00
e3
70
99
fc
ef
00
40
08
b3
02
24
01
23
80
a2
00
13
09
19
00
6f
f0
df
fe
93
02
10
00
a3
00
50
90
ef
05
c0
02
13
04
05
00
93
04
00
00
63
fc
84
00
ef
00
80
05
ef
00
80
0c
ef
00
00
04
93
84
14
00
6f
f0
df
fe
a3
00
00
90
6f
f0
9f
f7
ef
00
c0
03
13
1f
85
00
ef
00
40
03
33
6f
af
00
13
1f
8f
00
ef
00
80
02
33
6f
af
00
13
1f
8f
00
ef
00
c0
01
33
65
af
00
67
80
05
00
83
42
20
80
e3
8e
02
fe
23
00
a0
80
67
80
00
00
03
23
00
d0
83
23
00
d0
b3
83
63
40
13
0e
40
1f
63
fa
c3
01
83
42
10
80
e3
86
02
fe
03
45
00
80
67
80
00
00
93
02
10
00
a3
00
50
90
13
05
b0
00
ef
00
40
04
93
02
40
00
13
05
00
00
ef
00
80
03
93
82
f2
ff
e3
9a
02
fe
93
02
00
00
37
13
00
00
23
00
00
90
83
43
20
90
e3
8e
03
fe
03
45
00
90
23
80
a2
00
93
82
12
00
e3
94
62
fe
a3
00
00
90
67
00
00
00
03
48
20
90
e3
0e
08
fe
23
00
a0
90
03
48
20
90
e3
0e
08
fe
03
45
00
90
67
80
00
00
